#
# This matrix was created by Jeremy Just   Thu Aug 25 19:44:51 CEST 2011
#
# Uses ambiguous nucleotide codes, probabilities rounded to
#  nearest integer
#
# Lowest score = -5, Highest score = 4
#
    A   T   G   C   S   W   R   Y   K   M   B   V   H   D   N   U
A   4  -5  -5  -5  -5   0   0  -5  -5   0  -5  -2  -2  -2  -3  -5
T  -5   4  -5  -5  -5   0  -5   0   0  -5  -2  -5  -2  -2  -3   4
G  -5  -5   4  -5   0  -5   0  -5   0  -5  -2  -2  -5  -2  -3  -5
C  -5  -5  -5   4   0  -5  -5   0  -5   0  -2  -2  -2  -5  -3  -5
S  -5  -5   0   0  -2  -5  -3  -3  -3  -3  -2  -2  -4  -4  -2  -5
W   0   0  -5  -5  -5  -2  -3  -3  -3  -3  -4  -4  -2  -2  -2   0
R   0  -5   0  -5  -3  -3  -2  -5  -3  -3  -4  -2  -4  -2  -2  -5
Y  -5   0  -5   0  -3  -3  -5  -2  -3  -3  -2  -4  -2  -4  -2   0
K  -5   0   0  -5  -3  -3  -3  -3  -2  -5  -2  -4  -4  -2  -2   0
M   0  -5  -5   0  -3  -3  -3  -3  -5  -2  -4  -2  -2  -4  -2  -5
B  -5  -2  -2  -2  -2  -4  -4  -2  -2  -4  -2  -3  -3  -3  -2  -2
V  -2  -5  -2  -2  -2  -4  -2  -4  -4  -2  -3  -2  -3  -3  -2  -5
H  -2  -2  -5  -2  -4  -2  -4  -2  -4  -2  -3  -3  -2  -3  -2  -2
D  -2  -2  -2  -5  -4  -2  -2  -4  -2  -4  -3  -3  -3  -2  -2  -2
N  -3  -3  -3  -3  -2  -2  -2  -2  -2  -2  -2  -2  -2  -2  -2  -3
U  -5   4  -5  -5  -5   0  -5   0   0  -5  -2  -5  -2  -2  -3   4
